frequency	e'	e''
1000000000.0000	  51.7147	   2.4143
1008000000.0000	  51.5590	   2.3956
1016000000.0000	  51.6747	   2.3536
1024000000.0000	  51.9698	   2.2789
1032000000.0000	  52.2201	   2.1776
1040000000.0000	  52.4165	   2.0580
1048000000.0000	  52.5458	   1.9929
1056000000.0000	  52.6380	   2.0032
1064000000.0000	  52.6398	   2.0531
1072000000.0000	  52.6507	   2.1122
1080000000.0000	  52.7520	   2.1759
1088000000.0000	  52.9359	   2.2205
1096000000.0000	  53.2057	   2.2653
1104000000.0000	  53.4067	   2.2908
1112000000.0000	  53.5846	   2.3199
1120000000.0000	  53.7545	   2.3217
1128000000.0000	  53.9015	   2.3311
1136000000.0000	  53.9061	   2.3349
1144000000.0000	  53.8131	   2.3383
1152000000.0000	  53.6833	   2.3201
1160000000.0000	  53.5313	   2.3355
1168000000.0000	  53.3339	   2.3391
1176000000.0000	  53.1226	   2.3375
1184000000.0000	  52.8658	   2.3195
1192000000.0000	  52.5309	   2.2985
1200000000.0000	  52.2617	   2.2692
1208000000.0000	  52.2375	   2.2561
1216000000.0000	  52.2187	   2.2387
1224000000.0000	  52.0750	   2.1858
1232000000.0000	  52.0570	   2.1567
1240000000.0000	  52.2333	   2.1440
1248000000.0000	  52.4633	   2.1439
1256000000.0000	  52.6400	   2.1600
1264000000.0000	  52.7985	   2.2029
1272000000.0000	  52.9548	   2.2653
1280000000.0000	  53.1537	   2.3546
1288000000.0000	  53.4266	   2.4491
1296000000.0000	  53.7581	   2.5517
1304000000.0000	  54.0641	   2.6398
1312000000.0000	  54.3152	   2.7284
1320000000.0000	  54.6086	   2.8048
1328000000.0000	  54.9920	   2.8759
1336000000.0000	  55.3712	   2.9314
1344000000.0000	  55.5969	   2.9701
1352000000.0000	  55.7365	   2.9913
1360000000.0000	  55.8375	   3.0140
1368000000.0000	  55.9115	   3.0110
1376000000.0000	  55.9308	   3.0160
1384000000.0000	  55.9373	   3.0121
1392000000.0000	  55.9074	   2.9895
1400000000.0000	  55.7781	   2.9545
1408000000.0000	  55.6590	   2.9006
1416000000.0000	  55.6846	   2.8428
1424000000.0000	  55.8218	   2.7653
1432000000.0000	  55.9238	   2.6718
1440000000.0000	  55.9987	   2.5760
1448000000.0000	  56.1522	   2.4771
1456000000.0000	  56.4306	   2.4225
1464000000.0000	  56.7756	   2.4363
1472000000.0000	  57.1602	   2.5168
1480000000.0000	  57.5562	   2.6535
1488000000.0000	  57.8765	   2.8132
1496000000.0000	  58.1632	   2.9697
1504000000.0000	  58.8173	   3.1444
1512000000.0000	  58.8858	   3.2577
1520000000.0000	  58.8557	   3.3460
1528000000.0000	  58.7768	   3.4129
1536000000.0000	  58.6501	   3.4559
1544000000.0000	  58.4061	   3.4911
1552000000.0000	  58.1287	   3.4934
1560000000.0000	  57.8050	   3.4972
1568000000.0000	  57.4173	   3.4895
1576000000.0000	  57.0491	   3.4858
1584000000.0000	  56.7644	   3.5129
1592000000.0000	  56.5541	   3.5305
1600000000.0000	  56.3462	   3.5553
1608000000.0000	  56.1874	   3.5789
1616000000.0000	  56.1621	   3.6220
1624000000.0000	  56.2170	   3.6641
1632000000.0000	  56.2723	   3.7040
1640000000.0000	  56.3412	   3.7400
1648000000.0000	  56.3907	   3.7664
1656000000.0000	  56.3566	   3.7921
1664000000.0000	  56.2898	   3.8158
1672000000.0000	  56.2866	   3.8558
1680000000.0000	  56.3138	   3.8995
1688000000.0000	  56.3744	   3.9589
1696000000.0000	  56.4511	   4.0229
1704000000.0000	  56.6079	   4.1175
1712000000.0000	  56.8512	   4.2104
1720000000.0000	  57.1218	   4.2984
1728000000.0000	  57.3800	   4.3921
1736000000.0000	  57.6460	   4.4759
1744000000.0000	  57.9321	   4.5532
1752000000.0000	  58.2292	   4.6345
1760000000.0000	  58.5478	   4.7299
1768000000.0000	  58.8721	   4.8283
1776000000.0000	  59.1221	   4.9245
1784000000.0000	  59.2790	   5.0133
1792000000.0000	  59.4281	   5.1206
1800000000.0000	  59.5816	   5.2210
1808000000.0000	  59.7042	   5.3272
1816000000.0000	  59.8612	   5.4214
1824000000.0000	  60.0330	   5.5144
1832000000.0000	  60.1881	   5.5877
1840000000.0000	  60.3146	   5.6598
1848000000.0000	  60.3974	   5.6981
1856000000.0000	  60.4186	   5.7463
1864000000.0000	  60.3245	   5.7576
1872000000.0000	  60.1920	   5.7603
1880000000.0000	  60.0783	   5.7658
1888000000.0000	  59.9262	   5.7462
1896000000.0000	  59.7472	   5.7205
1904000000.0000	  59.5745	   5.6961
1912000000.0000	  59.4824	   5.6681
1920000000.0000	  59.4430	   5.6472
1928000000.0000	  59.4315	   5.6260
1936000000.0000	  59.4643	   5.6009
1944000000.0000	  59.5207	   5.5862
1952000000.0000	  59.5867	   5.5800
1960000000.0000	  59.6586	   5.5810
1968000000.0000	  59.7351	   5.5799
1976000000.0000	  59.7754	   5.5885
1984000000.0000	  59.7560	   5.5959
1992000000.0000	  59.6914	   5.5984
2000000000.0000	  59.6827	   5.5959
2008000000.0000	  59.7066	   5.6035
2016000000.0000	  59.6979	   5.6058
2024000000.0000	  59.6567	   5.5958
2032000000.0000	  59.6528	   5.5819
2040000000.0000	  59.6541	   5.5755
2048000000.0000	  59.6272	   5.5593
2056000000.0000	  59.5637	   5.5432
2064000000.0000	  59.4815	   5.5195
2072000000.0000	  59.3244	   5.4945
2080000000.0000	  59.1304	   5.4634
2088000000.0000	  59.0148	   5.4376
2096000000.0000	  58.9727	   5.4207
2104000000.0000	  58.9341	   5.4085
2112000000.0000	  58.8971	   5.4024
2120000000.0000	  58.9293	   5.4025
2128000000.0000	  59.0614	   5.4090
2136000000.0000	  59.2104	   5.4165
2144000000.0000	  59.2997	   5.4266
2152000000.0000	  59.3837	   5.4256
2160000000.0000	  59.4465	   5.4306
2168000000.0000	  59.4926	   5.4381
2176000000.0000	  59.5720	   5.4532
2184000000.0000	  59.7132	   5.4723
2192000000.0000	  59.8417	   5.4965
2200000000.0000	  59.8930	   5.5099
2208000000.0000	  59.9662	   5.5373
2216000000.0000	  60.1393	   5.5670
2224000000.0000	  60.3575	   5.6064
2232000000.0000	  60.5181	   5.6418
2240000000.0000	  60.6397	   5.6755
2248000000.0000	  60.7200	   5.7012
2256000000.0000	  60.7824	   5.7216
2264000000.0000	  60.8432	   5.7376
2272000000.0000	  60.9365	   5.7517
2280000000.0000	  61.0148	   5.7625
2288000000.0000	  61.0021	   5.7573
2296000000.0000	  60.9862	   5.7423
2304000000.0000	  61.0727	   5.7525
2312000000.0000	  61.2164	   5.7591
2320000000.0000	  61.3381	   5.7720
2328000000.0000	  61.4324	   5.7849
2336000000.0000	  61.5397	   5.7962
2344000000.0000	  61.6657	   5.8202
2352000000.0000	  61.7636	   5.8357
2360000000.0000	  61.8711	   5.8588
2368000000.0000	  61.9849	   5.8746
2376000000.0000	  62.0597	   5.8935
2384000000.0000	  62.0544	   5.9055
2392000000.0000	  62.0948	   5.9331
2400000000.0000	  62.1443	   5.9559
2408000000.0000	  62.1750	   5.9789
2416000000.0000	  62.1620	   6.0084
2424000000.0000	  62.1691	   6.0431
2432000000.0000	  62.1862	   6.0787
2440000000.0000	  62.1756	   6.1187
2448000000.0000	  62.1826	   6.1452
2456000000.0000	  62.2456	   6.1858
2464000000.0000	  62.3144	   6.2176
2472000000.0000	  62.3372	   6.2361
2480000000.0000	  62.3459	   6.2547
2488000000.0000	  62.3462	   6.2588
2496000000.0000	  62.3077	   6.2639
2504000000.0000	  62.2311	   6.2707
2512000000.0000	  62.1959	   6.2850
2520000000.0000	  62.1558	   6.3107
2528000000.0000	  62.0742	   6.3282
2536000000.0000	  61.9786	   6.3401
2544000000.0000	  61.9649	   6.3657
2552000000.0000	  62.0139	   6.3965
2560000000.0000	  62.0318	   6.4183
2568000000.0000	  62.0069	   6.4382
2576000000.0000	  62.0134	   6.4622
2584000000.0000	  62.0544	   6.4937
2592000000.0000	  62.1209	   6.5344
2600000000.0000	  62.2152	   6.5900
2608000000.0000	  62.2894	   6.6564
2616000000.0000	  62.3103	   6.7296
2624000000.0000	  62.3083	   6.8064
2632000000.0000	  62.3528	   6.8838
2640000000.0000	  62.4592	   6.9806
2648000000.0000	  62.5046	   7.0547
2656000000.0000	  62.4812	   7.1170
2664000000.0000	  62.4506	   7.1666
2672000000.0000	  62.4532	   7.2204
2680000000.0000	  62.4422	   7.2669
2688000000.0000	  62.4188	   7.3096
2696000000.0000	  62.3415	   7.3599
2704000000.0000	  62.2153	   7.4075
2712000000.0000	  62.0521	   7.4511
2720000000.0000	  61.9534	   7.5077
2728000000.0000	  61.9289	   7.5683
2736000000.0000	  61.9006	   7.6242
2744000000.0000	  61.8162	   7.6722
2752000000.0000	  61.7571	   7.7067
2760000000.0000	  61.7595	   7.7425
2768000000.0000	  61.7887	   7.7770
2776000000.0000	  61.7909	   7.8022
2784000000.0000	  61.7672	   7.8129
2792000000.0000	  61.7050	   7.8370
2800000000.0000	  61.6016	   7.8559
2808000000.0000	  61.5306	   7.8929
2816000000.0000	  61.5131	   7.9342
2824000000.0000	  61.4905	   7.9743
2832000000.0000	  61.4297	   7.9998
2840000000.0000	  61.3733	   8.0289
2848000000.0000	  61.3755	   8.0514
2856000000.0000	  61.3950	   8.0715
2864000000.0000	  61.3635	   8.0716
2872000000.0000	  61.3215	   8.0775
2880000000.0000	  61.2518	   8.0720
2888000000.0000	  61.1498	   8.0745
2896000000.0000	  61.0275	   8.0785
2904000000.0000	  60.9597	   8.1012
2912000000.0000	  60.9473	   8.1329
2920000000.0000	  60.9143	   8.1676
2928000000.0000	  60.8852	   8.1964
2936000000.0000	  60.9270	   8.2411
2944000000.0000	  60.9948	   8.2671
2952000000.0000	  61.0343	   8.2883
2960000000.0000	  61.0795	   8.3031
2968000000.0000	  61.1330	   8.3212
2976000000.0000	  61.1760	   8.3325
2984000000.0000	  61.1656	   8.3363
2992000000.0000	  61.1968	   8.3667
3000000000.0000	  61.2819	   8.4084
3008000000.0000	  61.3313	   8.4423
3016000000.0000	  61.3678	   8.4859
3024000000.0000	  61.4778	   8.5326
3032000000.0000	  61.6053	   8.5776
3040000000.0000	  61.7017	   8.6098
3048000000.0000	  61.7543	   8.6355
3056000000.0000	  61.8239	   8.6575
3064000000.0000	  61.8887	   8.6747
3072000000.0000	  61.8839	   8.6831
3080000000.0000	  61.9015	   8.6982
3088000000.0000	  61.9307	   8.7230
3096000000.0000	  61.9113	   8.7441
3104000000.0000	  61.8908	   8.7658
3112000000.0000	  61.9190	   8.7940
3120000000.0000	  61.9650	   8.8241
3128000000.0000	  61.9954	   8.8612
3136000000.0000	  62.0268	   8.8791
3144000000.0000	  62.0080	   8.8873
3152000000.0000	  62.0257	   8.8911
3160000000.0000	  62.0804	   8.8951
3168000000.0000	  62.0933	   8.9049
3176000000.0000	  62.0644	   8.8941
3184000000.0000	  62.0614	   8.9017
3192000000.0000	  62.0246	   8.9082
3200000000.0000	  61.8928	   8.9000
3208000000.0000	  61.6979	   8.8892
3216000000.0000	  61.5238	   8.8722
3224000000.0000	  61.3401	   8.8656
3232000000.0000	  61.1035	   8.8303
3240000000.0000	  60.8691	   8.7953
3248000000.0000	  60.6739	   8.7592
3256000000.0000	  60.4948	   8.7228
3264000000.0000	  60.3260	   8.6867
3272000000.0000	  60.2117	   8.6721
3280000000.0000	  60.1017	   8.6504
3288000000.0000	  59.9581	   8.6380
3296000000.0000	  59.7905	   8.6291
3304000000.0000	  59.7177	   8.6314
3312000000.0000	  59.6816	   8.6414
3320000000.0000	  59.6300	   8.6525
3328000000.0000	  59.6121	   8.6623
3336000000.0000	  59.6152	   8.6729
3344000000.0000	  59.6440	   8.6902
3352000000.0000	  59.6499	   8.7067
3360000000.0000	  59.6788	   8.7220
3368000000.0000	  59.7364	   8.7489
3376000000.0000	  59.7935	   8.7841
3384000000.0000	  59.8398	   8.8158
3392000000.0000	  59.9206	   8.8474
3400000000.0000	  60.0036	   8.8837
3408000000.0000	  60.0847	   8.9235
3416000000.0000	  60.1610	   8.9548
3424000000.0000	  60.2850	   8.9867
3432000000.0000	  60.4299	   9.0106
3440000000.0000	  60.5654	   9.0418
3448000000.0000	  60.7001	   9.0613
3456000000.0000	  60.8433	   9.0859
3464000000.0000	  61.0012	   9.1171
3472000000.0000	  61.1347	   9.1446
3480000000.0000	  61.2560	   9.1704
3488000000.0000	  61.3795	   9.2026
3496000000.0000	  61.5027	   9.2317
3504000000.0000	  61.6119	   9.2520
3512000000.0000	  61.7237	   9.2836
3520000000.0000	  61.8432	   9.3128
3528000000.0000	  61.9873	   9.3474
3536000000.0000	  62.1272	   9.3906
3544000000.0000	  62.2898	   9.4358
3552000000.0000	  62.4512	   9.4841
3560000000.0000	  62.6171	   9.5374
3568000000.0000	  62.7594	   9.6051
3576000000.0000	  62.9140	   9.6648
3584000000.0000	  63.0507	   9.7279
3592000000.0000	  63.1745	   9.7861
3600000000.0000	  63.2995	   9.8414
3608000000.0000	  63.4277	   9.8911
3616000000.0000	  63.5638	   9.9326
3624000000.0000	  63.6726	   9.9851
3632000000.0000	  63.7824	  10.0324
3640000000.0000	  63.8895	  10.0854
3648000000.0000	  64.0136	  10.1446
3656000000.0000	  64.1464	  10.2017
3664000000.0000	  64.3046	  10.2723
3672000000.0000	  64.4521	  10.3290
3680000000.0000	  64.5784	  10.3842
3688000000.0000	  64.7092	  10.4300
3696000000.0000	  64.8200	  10.4690
3704000000.0000	  64.9133	  10.5021
3712000000.0000	  64.9647	  10.5387
3720000000.0000	  64.9963	  10.5626
3728000000.0000	  65.0522	  10.5965
3736000000.0000	  65.0940	  10.6305
3744000000.0000	  65.0890	  10.6661
3752000000.0000	  65.0924	  10.7013
3760000000.0000	  65.1353	  10.7552
3768000000.0000	  65.2064	  10.8018
3776000000.0000	  65.2198	  10.8270
3784000000.0000	  65.2115	  10.8489
3792000000.0000	  65.1843	  10.8571
3800000000.0000	  65.1321	  10.8587
3808000000.0000	  65.0806	  10.8703
3816000000.0000	  65.0469	  10.8777
3824000000.0000	  64.9692	  10.8816
3832000000.0000	  64.8465	  10.8957
3840000000.0000	  64.7779	  10.9206
3848000000.0000	  64.7622	  10.9567
3856000000.0000	  64.7479	  11.0152
3864000000.0000	  64.6856	  11.0426
3872000000.0000	  64.6385	  11.0776
3880000000.0000	  64.6318	  11.0928
3888000000.0000	  64.6204	  11.1035
3896000000.0000	  64.5952	  11.1077
3904000000.0000	  64.5604	  11.1043
3912000000.0000	  64.5179	  11.1140
3920000000.0000	  64.4731	  11.1224
3928000000.0000	  64.4724	  11.1471
3936000000.0000	  64.5092	  11.1838
3944000000.0000	  64.5607	  11.2309
3952000000.0000	  64.5859	  11.2737
3960000000.0000	  64.6561	  11.3270
3968000000.0000	  64.7632	  11.3706
3976000000.0000	  64.8677	  11.4017
3984000000.0000	  64.9368	  11.4319
3992000000.0000	  64.9801	  11.4393
4000000000.0000	  64.9896	  11.4511
4008000000.0000	  64.9606	  11.4529
4016000000.0000	  64.9066	  11.4548
4024000000.0000	  64.8722	  11.4698
4032000000.0000	  64.8022	  11.4881
4040000000.0000	  64.6811	  11.5084
4048000000.0000	  64.5895	  11.5263
4056000000.0000	  64.5442	  11.5554
4064000000.0000	  64.5063	  11.5767
4072000000.0000	  64.4398	  11.5840
4080000000.0000	  64.3888	  11.5821
4088000000.0000	  64.3494	  11.5712
4096000000.0000	  64.3248	  11.5747
4104000000.0000	  64.3064	  11.5604
4112000000.0000	  64.2887	  11.5713
4120000000.0000	  64.2544	  11.5784
4128000000.0000	  64.1678	  11.5908
4136000000.0000	  64.1258	  11.6228
4144000000.0000	  64.1408	  11.6656
4152000000.0000	  64.1451	  11.7095
4160000000.0000	  64.1034	  11.7375
4168000000.0000	  64.0374	  11.7471
4176000000.0000	  64.0380	  11.7642
4184000000.0000	  64.0195	  11.7738
4192000000.0000	  63.9313	  11.7698
4200000000.0000	  63.7888	  11.7688
4208000000.0000	  63.6065	  11.7575
4216000000.0000	  63.4062	  11.7490
4224000000.0000	  63.2461	  11.7593
4232000000.0000	  63.1297	  11.7913
4240000000.0000	  62.9990	  11.8157
4248000000.0000	  62.8420	  11.8364
4256000000.0000	  62.7536	  11.8700
4264000000.0000	  62.7310	  11.9030
4272000000.0000	  62.7365	  11.9342
4280000000.0000	  62.7045	  11.9456
4288000000.0000	  62.6607	  11.9604
4296000000.0000	  62.6266	  11.9672
4304000000.0000	  62.5987	  11.9938
4312000000.0000	  62.5947	  12.0244
4320000000.0000	  62.6180	  12.0733
4328000000.0000	  62.6396	  12.1161
4336000000.0000	  62.6368	  12.1608
4344000000.0000	  62.6505	  12.2126
4352000000.0000	  62.7216	  12.2593
4360000000.0000	  62.8296	  12.3027
4368000000.0000	  62.8878	  12.3335
4376000000.0000	  62.9380	  12.3536
4384000000.0000	  62.9776	  12.3794
4392000000.0000	  63.0272	  12.3959
4400000000.0000	  63.0541	  12.4151
4408000000.0000	  63.0827	  12.4533
4416000000.0000	  63.1196	  12.4990
4424000000.0000	  63.1459	  12.5352
4432000000.0000	  63.1618	  12.5788
4440000000.0000	  63.2084	  12.6268
4448000000.0000	  63.2702	  12.6617
4456000000.0000	  63.3186	  12.6864
4464000000.0000	  63.3256	  12.7034
4472000000.0000	  63.3173	  12.7134
4480000000.0000	  63.3054	  12.7273
4488000000.0000	  63.2816	  12.7432
4496000000.0000	  63.2617	  12.7541
4504000000.0000	  63.2466	  12.7828
4512000000.0000	  63.2495	  12.8140
4520000000.0000	  63.2574	  12.8482
4528000000.0000	  63.2791	  12.8913
4536000000.0000	  63.2912	  12.9233
4544000000.0000	  63.2914	  12.9630
4552000000.0000	  63.2531	  12.9730
4560000000.0000	  63.2565	  12.9834
4568000000.0000	  63.2541	  13.0028
4576000000.0000	  63.2154	  13.0053
4584000000.0000	  63.1621	  13.0119
4592000000.0000	  63.1399	  13.0346
4600000000.0000	  63.1043	  13.0514
4608000000.0000	  63.0672	  13.0773
4616000000.0000	  63.0097	  13.1014
4624000000.0000	  62.9649	  13.1299
4632000000.0000	  62.9246	  13.1587
4640000000.0000	  62.8793	  13.1701
4648000000.0000	  62.8538	  13.1908
4656000000.0000	  62.8199	  13.1857
4664000000.0000	  62.7590	  13.1969
4672000000.0000	  62.6655	  13.1995
4680000000.0000	  62.6286	  13.2070
4688000000.0000	  62.6176	  13.2333
4696000000.0000	  62.5852	  13.2573
4704000000.0000	  62.5490	  13.2884
4712000000.0000	  62.5695	  13.3263
4720000000.0000	  62.5926	  13.3591
4728000000.0000	  62.6281	  13.3969
4736000000.0000	  62.6690	  13.4288
4744000000.0000	  62.7164	  13.4498
4752000000.0000	  62.7495	  13.4696
4760000000.0000	  62.7182	  13.4746
4768000000.0000	  62.7201	  13.4912
4776000000.0000	  62.7378	  13.5091
4784000000.0000	  62.7410	  13.5295
4792000000.0000	  62.7126	  13.5530
4800000000.0000	  62.6861	  13.5732
4808000000.0000	  62.6473	  13.6005
4816000000.0000	  62.6171	  13.6215
4824000000.0000	  62.5677	  13.6375
4832000000.0000	  62.5403	  13.6523
4840000000.0000	  62.4970	  13.6456
4848000000.0000	  62.4026	  13.6630
4856000000.0000	  62.3096	  13.6514
4864000000.0000	  62.2613	  13.6665
4872000000.0000	  62.2349	  13.6803
4880000000.0000	  62.1587	  13.6986
4888000000.0000	  62.0693	  13.7150
4896000000.0000	  62.0097	  13.7445
4904000000.0000	  61.9462	  13.7752
4912000000.0000	  61.8799	  13.7810
4920000000.0000	  61.8231	  13.7884
4928000000.0000	  61.7221	  13.7883
4936000000.0000	  61.5505	  13.7564
4944000000.0000	  61.3287	  13.7270
4952000000.0000	  61.1932	  13.7125
4960000000.0000	  61.0897	  13.7033
4968000000.0000	  60.9502	  13.6982
4976000000.0000	  60.7834	  13.6969
4984000000.0000	  60.6929	  13.7102
4992000000.0000	  60.7044	  13.7529
5000000000.0000	  60.7109	  13.7730
