frequency	e'	e''
1000000000.0000	  11.2187	   0.3529
1008000000.0000	  11.2240	   0.3490
1016000000.0000	  11.2103	   0.3513
1024000000.0000	  11.2133	   0.3549
1032000000.0000	  11.2067	   0.3571
1040000000.0000	  11.2073	   0.3686
1048000000.0000	  11.2078	   0.3729
1056000000.0000	  11.2081	   0.3776
1064000000.0000	  11.2212	   0.3819
1072000000.0000	  11.2254	   0.3921
1080000000.0000	  11.2344	   0.3957
1088000000.0000	  11.2333	   0.3942
1096000000.0000	  11.2386	   0.3919
1104000000.0000	  11.2415	   0.3919
1112000000.0000	  11.2373	   0.3939
1120000000.0000	  11.2371	   0.4011
1128000000.0000	  11.2307	   0.3978
1136000000.0000	  11.2255	   0.4034
1144000000.0000	  11.2239	   0.4061
1152000000.0000	  11.2220	   0.4077
1160000000.0000	  11.2362	   0.4113
1168000000.0000	  11.2378	   0.4153
1176000000.0000	  11.2446	   0.4156
1184000000.0000	  11.2492	   0.4183
1192000000.0000	  11.2508	   0.4196
1200000000.0000	  11.2472	   0.4205
1208000000.0000	  11.2398	   0.4225
1216000000.0000	  11.2333	   0.4253
1224000000.0000	  11.2300	   0.4205
1232000000.0000	  11.2175	   0.4305
1240000000.0000	  11.2135	   0.4400
1248000000.0000	  11.2098	   0.4420
1256000000.0000	  11.2040	   0.4429
1264000000.0000	  11.2048	   0.4379
1272000000.0000	  11.2001	   0.4400
1280000000.0000	  11.1961	   0.4432
1288000000.0000	  11.1976	   0.4322
1296000000.0000	  11.1950	   0.4337
1304000000.0000	  11.1883	   0.4351
1312000000.0000	  11.1829	   0.4244
1320000000.0000	  11.1741	   0.4257
1328000000.0000	  11.1682	   0.4210
1336000000.0000	  11.1712	   0.4191
1344000000.0000	  11.1740	   0.4126
1352000000.0000	  11.1813	   0.4050
1360000000.0000	  11.1898	   0.4001
1368000000.0000	  11.2037	   0.4011
1376000000.0000	  11.2249	   0.3942
1384000000.0000	  11.2398	   0.4019
1392000000.0000	  11.2455	   0.4096
1400000000.0000	  11.2494	   0.4241
1408000000.0000	  11.2454	   0.4344
1416000000.0000	  11.2444	   0.4331
1424000000.0000	  11.2382	   0.4406
1432000000.0000	  11.2331	   0.4459
1440000000.0000	  11.2287	   0.4418
1448000000.0000	  11.2233	   0.4361
1456000000.0000	  11.2224	   0.4348
1464000000.0000	  11.2186	   0.4249
1472000000.0000	  11.2217	   0.4159
1480000000.0000	  11.2287	   0.4037
1488000000.0000	  11.2337	   0.3923
1496000000.0000	  11.2405	   0.3791
1504000000.0000	  11.2655	   0.3620
1512000000.0000	  11.2830	   0.3577
1520000000.0000	  11.3084	   0.3583
1528000000.0000	  11.3312	   0.3623
1536000000.0000	  11.3513	   0.3756
1544000000.0000	  11.3712	   0.3892
1552000000.0000	  11.3809	   0.3991
1560000000.0000	  11.3847	   0.4165
1568000000.0000	  11.3982	   0.4299
1576000000.0000	  11.3924	   0.4403
1584000000.0000	  11.3909	   0.4564
1592000000.0000	  11.3926	   0.4735
1600000000.0000	  11.3922	   0.4833
1608000000.0000	  11.3899	   0.4927
1616000000.0000	  11.3857	   0.5041
1624000000.0000	  11.3880	   0.5096
1632000000.0000	  11.3861	   0.5119
1640000000.0000	  11.3848	   0.5136
1648000000.0000	  11.3767	   0.5222
1656000000.0000	  11.3755	   0.5209
1664000000.0000	  11.3703	   0.5298
1672000000.0000	  11.3671	   0.5298
1680000000.0000	  11.3643	   0.5349
1688000000.0000	  11.3658	   0.5435
1696000000.0000	  11.3661	   0.5465
1704000000.0000	  11.3734	   0.5555
1712000000.0000	  11.3777	   0.5569
1720000000.0000	  11.3871	   0.5614
1728000000.0000	  11.3922	   0.5636
1736000000.0000	  11.3953	   0.5696
1744000000.0000	  11.3909	   0.5716
1752000000.0000	  11.3875	   0.5767
1760000000.0000	  11.3787	   0.5715
1768000000.0000	  11.3736	   0.5782
1776000000.0000	  11.3747	   0.5832
1784000000.0000	  11.3746	   0.5908
1792000000.0000	  11.3797	   0.6045
1800000000.0000	  11.3813	   0.6073
1808000000.0000	  11.3921	   0.6106
1816000000.0000	  11.3953	   0.6218
1824000000.0000	  11.4005	   0.6264
1832000000.0000	  11.3975	   0.6354
1840000000.0000	  11.3920	   0.6368
1848000000.0000	  11.3829	   0.6358
1856000000.0000	  11.3738	   0.6350
1864000000.0000	  11.3665	   0.6336
1872000000.0000	  11.3609	   0.6442
1880000000.0000	  11.3551	   0.6495
1888000000.0000	  11.3517	   0.6530
1896000000.0000	  11.3578	   0.6598
1904000000.0000	  11.3657	   0.6614
1912000000.0000	  11.3668	   0.6645
1920000000.0000	  11.3740	   0.6654
1928000000.0000	  11.3744	   0.6614
1936000000.0000	  11.3699	   0.6537
1944000000.0000	  11.3606	   0.6470
1952000000.0000	  11.3519	   0.6470
1960000000.0000	  11.3517	   0.6487
1968000000.0000	  11.3435	   0.6496
1976000000.0000	  11.3383	   0.6533
1984000000.0000	  11.3413	   0.6543
1992000000.0000	  11.3480	   0.6581
2000000000.0000	  11.3619	   0.6593
2008000000.0000	  11.3672	   0.6661
2016000000.0000	  11.3810	   0.6634
2024000000.0000	  11.3853	   0.6633
2032000000.0000	  11.3824	   0.6618
2040000000.0000	  11.3813	   0.6603
2048000000.0000	  11.3732	   0.6628
2056000000.0000	  11.3654	   0.6615
2064000000.0000	  11.3569	   0.6704
2072000000.0000	  11.3494	   0.6740
2080000000.0000	  11.3483	   0.6810
2088000000.0000	  11.3505	   0.6848
2096000000.0000	  11.3616	   0.6879
2104000000.0000	  11.3604	   0.6845
2112000000.0000	  11.3692	   0.6768
2120000000.0000	  11.3693	   0.6776
2128000000.0000	  11.3696	   0.6680
2136000000.0000	  11.3669	   0.6617
2144000000.0000	  11.3583	   0.6606
2152000000.0000	  11.3507	   0.6588
2160000000.0000	  11.3466	   0.6554
2168000000.0000	  11.3477	   0.6598
2176000000.0000	  11.3514	   0.6571
2184000000.0000	  11.3586	   0.6567
2192000000.0000	  11.3722	   0.6499
2200000000.0000	  11.3867	   0.6479
2208000000.0000	  11.4016	   0.6423
2216000000.0000	  11.4165	   0.6365
2224000000.0000	  11.4297	   0.6299
2232000000.0000	  11.4369	   0.6271
2240000000.0000	  11.4433	   0.6253
2248000000.0000	  11.4484	   0.6230
2256000000.0000	  11.4563	   0.6308
2264000000.0000	  11.4663	   0.6438
2272000000.0000	  11.4739	   0.6512
2280000000.0000	  11.4863	   0.6616
2288000000.0000	  11.5020	   0.6720
2296000000.0000	  11.5158	   0.6805
2304000000.0000	  11.5247	   0.6828
2312000000.0000	  11.5361	   0.6893
2320000000.0000	  11.5442	   0.6895
2328000000.0000	  11.5465	   0.6995
2336000000.0000	  11.5497	   0.7052
2344000000.0000	  11.5435	   0.7150
2352000000.0000	  11.5414	   0.7275
2360000000.0000	  11.5414	   0.7437
2368000000.0000	  11.5389	   0.7552
2376000000.0000	  11.5448	   0.7713
2384000000.0000	  11.5488	   0.7815
2392000000.0000	  11.5561	   0.7890
2400000000.0000	  11.5572	   0.7953
2408000000.0000	  11.5633	   0.7955
2416000000.0000	  11.5632	   0.8049
2424000000.0000	  11.5625	   0.8098
2432000000.0000	  11.5598	   0.8144
2440000000.0000	  11.5486	   0.8250
2448000000.0000	  11.5473	   0.8323
2456000000.0000	  11.5460	   0.8406
2464000000.0000	  11.5428	   0.8551
2472000000.0000	  11.5451	   0.8601
2480000000.0000	  11.5479	   0.8700
2488000000.0000	  11.5530	   0.8710
2496000000.0000	  11.5553	   0.8737
2504000000.0000	  11.5635	   0.8783
2512000000.0000	  11.5608	   0.8787
2520000000.0000	  11.5582	   0.8827
2528000000.0000	  11.5565	   0.8887
2536000000.0000	  11.5546	   0.8986
2544000000.0000	  11.5516	   0.9062
2552000000.0000	  11.5489	   0.9151
2560000000.0000	  11.5494	   0.9214
2568000000.0000	  11.5498	   0.9326
2576000000.0000	  11.5536	   0.9333
2584000000.0000	  11.5544	   0.9330
2592000000.0000	  11.5559	   0.9348
2600000000.0000	  11.5594	   0.9325
2608000000.0000	  11.5519	   0.9380
2616000000.0000	  11.5514	   0.9419
2624000000.0000	  11.5471	   0.9461
2632000000.0000	  11.5435	   0.9527
2640000000.0000	  11.5382	   0.9576
2648000000.0000	  11.5380	   0.9656
2656000000.0000	  11.5333	   0.9730
2664000000.0000	  11.5305	   0.9700
2672000000.0000	  11.5327	   0.9735
2680000000.0000	  11.5316	   0.9744
2688000000.0000	  11.5282	   0.9768
2696000000.0000	  11.5304	   0.9775
2704000000.0000	  11.5216	   0.9754
2712000000.0000	  11.5190	   0.9764
2720000000.0000	  11.5132	   0.9809
2728000000.0000	  11.5125	   0.9853
2736000000.0000	  11.5114	   0.9926
2744000000.0000	  11.5086	   0.9996
2752000000.0000	  11.5126	   1.0072
2760000000.0000	  11.5159	   1.0100
2768000000.0000	  11.5177	   1.0113
2776000000.0000	  11.5207	   1.0098
2784000000.0000	  11.5196	   1.0103
2792000000.0000	  11.5189	   1.0055
2800000000.0000	  11.5140	   1.0046
2808000000.0000	  11.5113	   1.0036
2816000000.0000	  11.5108	   1.0052
2824000000.0000	  11.5115	   1.0114
2832000000.0000	  11.5119	   1.0161
2840000000.0000	  11.5132	   1.0167
2848000000.0000	  11.5222	   1.0204
2856000000.0000	  11.5300	   1.0198
2864000000.0000	  11.5389	   1.0190
2872000000.0000	  11.5453	   1.0125
2880000000.0000	  11.5524	   1.0120
2888000000.0000	  11.5526	   1.0044
2896000000.0000	  11.5532	   1.0037
2904000000.0000	  11.5573	   1.0052
2912000000.0000	  11.5577	   1.0018
2920000000.0000	  11.5601	   1.0097
2928000000.0000	  11.5608	   1.0148
2936000000.0000	  11.5673	   1.0196
2944000000.0000	  11.5821	   1.0279
2952000000.0000	  11.5921	   1.0261
2960000000.0000	  11.6051	   1.0314
2968000000.0000	  11.6088	   1.0302
2976000000.0000	  11.6112	   1.0309
2984000000.0000	  11.6166	   1.0285
2992000000.0000	  11.6160	   1.0310
3000000000.0000	  11.6134	   1.0331
3008000000.0000	  11.6126	   1.0400
3016000000.0000	  11.6096	   1.0482
3024000000.0000	  11.6107	   1.0548
3032000000.0000	  11.6172	   1.0665
3040000000.0000	  11.6230	   1.0715
3048000000.0000	  11.6365	   1.0809
3056000000.0000	  11.6446	   1.0845
3064000000.0000	  11.6531	   1.0883
3072000000.0000	  11.6582	   1.0872
3080000000.0000	  11.6614	   1.0900
3088000000.0000	  11.6631	   1.0954
3096000000.0000	  11.6653	   1.0989
3104000000.0000	  11.6606	   1.1082
3112000000.0000	  11.6594	   1.1204
3120000000.0000	  11.6634	   1.1282
3128000000.0000	  11.6699	   1.1396
3136000000.0000	  11.6761	   1.1507
3144000000.0000	  11.6829	   1.1556
3152000000.0000	  11.6893	   1.1659
3160000000.0000	  11.7020	   1.1651
3168000000.0000	  11.7033	   1.1709
3176000000.0000	  11.6977	   1.1723
3184000000.0000	  11.6960	   1.1765
3192000000.0000	  11.6927	   1.1840
3200000000.0000	  11.6886	   1.1871
3208000000.0000	  11.6894	   1.1997
3216000000.0000	  11.6926	   1.2124
3224000000.0000	  11.6932	   1.2225
3232000000.0000	  11.6945	   1.2300
3240000000.0000	  11.7297	   1.2390
3248000000.0000	  11.7612	   1.2473
3256000000.0000	  11.7679	   1.2501
3264000000.0000	  11.7654	   1.2529
3272000000.0000	  11.7604	   1.2523
3280000000.0000	  11.7573	   1.2562
3288000000.0000	  11.7534	   1.2626
3296000000.0000	  11.7499	   1.2698
3304000000.0000	  11.7454	   1.2790
3312000000.0000	  11.7453	   1.2885
3320000000.0000	  11.7466	   1.2970
3328000000.0000	  11.7491	   1.3071
3336000000.0000	  11.7572	   1.3097
3344000000.0000	  11.7653	   1.3120
3352000000.0000	  11.7611	   1.3153
3360000000.0000	  11.7629	   1.3167
3368000000.0000	  11.7587	   1.3169
3376000000.0000	  11.7572	   1.3235
3384000000.0000	  11.7518	   1.3312
3392000000.0000	  11.7467	   1.3398
3400000000.0000	  11.7470	   1.3444
3408000000.0000	  11.7495	   1.3540
3416000000.0000	  11.7541	   1.3615
3424000000.0000	  11.7607	   1.3699
3432000000.0000	  11.7649	   1.3759
3440000000.0000	  11.7668	   1.3798
3448000000.0000	  11.7703	   1.3767
3456000000.0000	  11.7673	   1.3781
3464000000.0000	  11.7669	   1.3780
3472000000.0000	  11.7646	   1.3815
3480000000.0000	  11.7576	   1.3858
3488000000.0000	  11.7589	   1.3990
3496000000.0000	  11.7620	   1.4013
3504000000.0000	  11.7593	   1.4111
3512000000.0000	  11.7640	   1.4195
3520000000.0000	  11.7671	   1.4268
3528000000.0000	  11.7703	   1.4337
3536000000.0000	  11.7711	   1.4368
3544000000.0000	  11.7651	   1.4332
3552000000.0000	  11.7670	   1.4348
3560000000.0000	  11.7623	   1.4375
3568000000.0000	  11.7571	   1.4388
3576000000.0000	  11.7529	   1.4441
3584000000.0000	  11.7421	   1.4504
3592000000.0000	  11.7458	   1.4581
3600000000.0000	  11.7486	   1.4631
3608000000.0000	  11.7534	   1.4711
3616000000.0000	  11.7550	   1.4752
3624000000.0000	  11.7553	   1.4772
3632000000.0000	  11.7563	   1.4793
3640000000.0000	  11.7536	   1.4773
3648000000.0000	  11.7536	   1.4785
3656000000.0000	  11.7497	   1.4798
3664000000.0000	  11.7466	   1.4844
3672000000.0000	  11.7427	   1.4835
3680000000.0000	  11.7441	   1.4930
3688000000.0000	  11.7478	   1.5019
3696000000.0000	  11.7504	   1.5080
3704000000.0000	  11.7596	   1.5129
3712000000.0000	  11.7625	   1.5171
3720000000.0000	  11.7684	   1.5154
3728000000.0000	  11.7717	   1.5194
3736000000.0000	  11.7718	   1.5175
3744000000.0000	  11.7673	   1.5181
3752000000.0000	  11.7671	   1.5176
3760000000.0000	  11.7636	   1.5226
3768000000.0000	  11.7648	   1.5263
3776000000.0000	  11.7695	   1.5333
3784000000.0000	  11.7721	   1.5439
3792000000.0000	  11.7784	   1.5491
3800000000.0000	  11.7862	   1.5577
3808000000.0000	  11.7908	   1.5612
3816000000.0000	  11.7917	   1.5642
3824000000.0000	  11.7913	   1.5639
3832000000.0000	  11.7913	   1.5686
3840000000.0000	  11.7859	   1.5657
3848000000.0000	  11.7760	   1.5701
3856000000.0000	  11.7519	   1.5697
3864000000.0000	  11.7423	   1.5773
3872000000.0000	  11.7454	   1.5814
3880000000.0000	  11.7514	   1.5987
3888000000.0000	  11.7585	   1.6035
3896000000.0000	  11.7678	   1.6107
3904000000.0000	  11.7735	   1.6172
3912000000.0000	  11.7773	   1.6180
3920000000.0000	  11.7764	   1.6230
3928000000.0000	  11.7780	   1.6227
3936000000.0000	  11.7748	   1.6253
3944000000.0000	  11.7740	   1.6267
3952000000.0000	  11.7711	   1.6343
3960000000.0000	  11.7724	   1.6453
3968000000.0000	  11.7740	   1.6563
3976000000.0000	  11.7795	   1.6623
3984000000.0000	  11.7879	   1.6709
3992000000.0000	  11.7971	   1.6761
4000000000.0000	  11.7981	   1.6824
4008000000.0000	  11.8038	   1.6860
4016000000.0000	  11.8043	   1.6854
4024000000.0000	  11.8052	   1.6827
4032000000.0000	  11.7996	   1.6904
4040000000.0000	  11.7973	   1.6944
4048000000.0000	  11.7930	   1.6961
4056000000.0000	  11.7934	   1.7066
4064000000.0000	  11.7946	   1.7177
4072000000.0000	  11.8001	   1.7277
4080000000.0000	  11.8103	   1.7348
4088000000.0000	  11.8118	   1.7396
4096000000.0000	  11.8201	   1.7405
4104000000.0000	  11.8209	   1.7453
4112000000.0000	  11.8230	   1.7464
4120000000.0000	  11.8216	   1.7483
4128000000.0000	  11.8157	   1.7469
4136000000.0000	  11.8156	   1.7520
4144000000.0000	  11.8096	   1.7589
4152000000.0000	  11.8044	   1.7699
4160000000.0000	  11.8047	   1.7783
4168000000.0000	  11.8089	   1.7869
4176000000.0000	  11.8121	   1.7960
4184000000.0000	  11.8186	   1.8027
4192000000.0000	  11.8256	   1.8039
4200000000.0000	  11.8256	   1.8123
4208000000.0000	  11.8263	   1.8117
4216000000.0000	  11.8242	   1.8085
4224000000.0000	  11.8219	   1.8115
4232000000.0000	  11.8155	   1.8190
4240000000.0000	  11.8155	   1.8222
4248000000.0000	  11.8142	   1.8305
4256000000.0000	  11.8143	   1.8424
4264000000.0000	  11.8164	   1.8509
4272000000.0000	  11.8245	   1.8579
4280000000.0000	  11.8302	   1.8664
4288000000.0000	  11.8351	   1.8676
4296000000.0000	  11.8398	   1.8737
4304000000.0000	  11.8406	   1.8739
4312000000.0000	  11.8431	   1.8761
4320000000.0000	  11.8428	   1.8801
4328000000.0000	  11.8368	   1.8836
4336000000.0000	  11.8364	   1.8932
4344000000.0000	  11.8379	   1.8998
4352000000.0000	  11.8364	   1.9136
4360000000.0000	  11.8396	   1.9224
4368000000.0000	  11.8483	   1.9314
4376000000.0000	  11.8497	   1.9374
4384000000.0000	  11.8559	   1.9422
4392000000.0000	  11.8603	   1.9452
4400000000.0000	  11.8601	   1.9483
4408000000.0000	  11.8591	   1.9520
4416000000.0000	  11.8538	   1.9593
4424000000.0000	  11.8564	   1.9649
4432000000.0000	  11.8501	   1.9766
4440000000.0000	  11.8455	   1.9868
4448000000.0000	  11.8422	   1.9979
4456000000.0000	  11.8460	   2.0099
4464000000.0000	  11.8476	   2.0206
4472000000.0000	  11.8499	   2.0285
4480000000.0000	  11.8535	   2.0337
4488000000.0000	  11.8569	   2.0382
4496000000.0000	  11.8529	   2.0380
4504000000.0000	  11.8470	   2.0451
4512000000.0000	  11.8416	   2.0481
4520000000.0000	  11.8368	   2.0599
4528000000.0000	  11.8245	   2.0681
4536000000.0000	  11.8237	   2.0765
4544000000.0000	  11.8211	   2.0916
4552000000.0000	  11.8225	   2.0991
4560000000.0000	  11.8226	   2.1038
4568000000.0000	  11.8278	   2.1111
4576000000.0000	  11.8255	   2.1098
4584000000.0000	  11.8271	   2.1105
4592000000.0000	  11.8279	   2.1093
4600000000.0000	  11.8250	   2.1092
4608000000.0000	  11.8214	   2.1112
4616000000.0000	  11.8155	   2.1182
4624000000.0000	  11.8070	   2.1229
4632000000.0000	  11.8092	   2.1271
4640000000.0000	  11.8052	   2.1342
4648000000.0000	  11.8116	   2.1447
4656000000.0000	  11.8135	   2.1461
4664000000.0000	  11.8214	   2.1528
4672000000.0000	  11.8232	   2.1548
4680000000.0000	  11.8269	   2.1529
4688000000.0000	  11.8306	   2.1544
4696000000.0000	  11.8286	   2.1519
4704000000.0000	  11.8242	   2.1548
4712000000.0000	  11.8202	   2.1592
4720000000.0000	  11.8176	   2.1706
4728000000.0000	  11.8094	   2.1762
4736000000.0000	  11.8124	   2.1901
4744000000.0000	  11.8142	   2.1910
4752000000.0000	  11.8188	   2.1998
4760000000.0000	  11.8215	   2.2034
4768000000.0000	  11.8267	   2.2056
4776000000.0000	  11.8252	   2.2077
4784000000.0000	  11.8265	   2.2142
4792000000.0000	  11.8223	   2.2140
4800000000.0000	  11.8185	   2.2145
4808000000.0000	  11.8132	   2.2206
4816000000.0000	  11.8091	   2.2311
4824000000.0000	  11.8052	   2.2392
4832000000.0000	  11.8057	   2.2478
4840000000.0000	  11.8090	   2.2525
4848000000.0000	  11.8111	   2.2578
4856000000.0000	  11.8161	   2.2623
4864000000.0000	  11.8187	   2.2666
4872000000.0000	  11.8201	   2.2685
4880000000.0000	  11.8236	   2.2711
4888000000.0000	  11.8185	   2.2762
4896000000.0000	  11.8148	   2.2783
4904000000.0000	  11.8124	   2.2848
4912000000.0000	  11.8123	   2.2947
4920000000.0000	  11.8126	   2.2983
4928000000.0000	  11.8124	   2.3072
4936000000.0000	  11.8192	   2.3194
4944000000.0000	  11.8216	   2.3240
4952000000.0000	  11.8269	   2.3280
4960000000.0000	  11.8296	   2.3300
4968000000.0000	  11.8259	   2.3331
4976000000.0000	  11.8321	   2.3336
4984000000.0000	  11.8272	   2.3381
4992000000.0000	  11.8253	   2.3445
5000000000.0000	  11.8248	   2.3504
