frequency	e'	e''
1000000000.0000	   2.2249	   0.0682
1008000000.0000	   2.2246	   0.0581
1016000000.0000	   2.2168	   0.0564
1024000000.0000	   2.2134	   0.0623
1032000000.0000	   2.2068	   0.0564
1040000000.0000	   2.2097	   0.0642
1048000000.0000	   2.2142	   0.0653
1056000000.0000	   2.2183	   0.0711
1064000000.0000	   2.2304	   0.0687
1072000000.0000	   2.2351	   0.0727
1080000000.0000	   2.2515	   0.0720
1088000000.0000	   2.2623	   0.0703
1096000000.0000	   2.2715	   0.0667
1104000000.0000	   2.2862	   0.0614
1112000000.0000	   2.2863	   0.0615
1120000000.0000	   2.2893	   0.0656
1128000000.0000	   2.2967	   0.0675
1136000000.0000	   2.2978	   0.0681
1144000000.0000	   2.3000	   0.0709
1152000000.0000	   2.3064	   0.0647
1160000000.0000	   2.3258	   0.0689
1168000000.0000	   2.3352	   0.0745
1176000000.0000	   2.3640	   0.0732
1184000000.0000	   2.3838	   0.0667
1192000000.0000	   2.3993	   0.0682
1200000000.0000	   2.4204	   0.0686
1208000000.0000	   2.4447	   0.0704
1216000000.0000	   2.4596	   0.0601
1224000000.0000	   2.4989	   0.0593
1232000000.0000	   2.5322	   0.0647
1240000000.0000	   2.5685	   0.0656
1248000000.0000	   2.6196	   0.0712
1256000000.0000	   2.6679	   0.0684
1264000000.0000	   2.7187	   0.0656
1272000000.0000	   2.7729	   0.0735
1280000000.0000	   2.8080	   0.0678
1288000000.0000	   2.8415	   0.0655
1296000000.0000	   2.8670	   0.0645
1304000000.0000	   2.8867	   0.0617
1312000000.0000	   2.9108	   0.0562
1320000000.0000	   2.9179	   0.0642
1328000000.0000	   2.9329	   0.0609
1336000000.0000	   2.9430	   0.0668
1344000000.0000	   2.9578	   0.0633
1352000000.0000	   2.9675	   0.0632
1360000000.0000	   2.9764	   0.0656
1368000000.0000	   2.9916	   0.0656
1376000000.0000	   2.9965	   0.0597
1384000000.0000	   3.0064	   0.0594
1392000000.0000	   3.0116	   0.0588
1400000000.0000	   3.0238	   0.0595
1408000000.0000	   3.0283	   0.0602
1416000000.0000	   3.0318	   0.0599
1424000000.0000	   3.0320	   0.0655
1432000000.0000	   3.0343	   0.0687
1440000000.0000	   3.0377	   0.0682
1448000000.0000	   3.0393	   0.0636
1456000000.0000	   3.0457	   0.0666
1464000000.0000	   3.0455	   0.0590
1472000000.0000	   3.0510	   0.0575
1480000000.0000	   3.0617	   0.0551
1488000000.0000	   3.0714	   0.0514
1496000000.0000	   3.0776	   0.0454
1504000000.0000	   3.0979	   0.0467
1512000000.0000	   3.1007	   0.0452
1520000000.0000	   3.1082	   0.0502
1528000000.0000	   3.1132	   0.0534
1536000000.0000	   3.1216	   0.0525
1544000000.0000	   3.1246	   0.0534
1552000000.0000	   3.1229	   0.0534
1560000000.0000	   3.1172	   0.0561
1568000000.0000	   3.0978	   0.0531
1576000000.0000	   3.0575	   0.0536
1584000000.0000	   3.0147	   0.0610
1592000000.0000	   2.9459	   0.0614
1600000000.0000	   2.8696	   0.0646
1608000000.0000	   2.7991	   0.0736
1616000000.0000	   2.7309	   0.0691
1624000000.0000	   2.6616	   0.0765
1632000000.0000	   2.6072	   0.0738
1640000000.0000	   2.5579	   0.0751
1648000000.0000	   2.5197	   0.0782
1656000000.0000	   2.4931	   0.0709
1664000000.0000	   2.4684	   0.0768
1672000000.0000	   2.4498	   0.0710
1680000000.0000	   2.4357	   0.0753
1688000000.0000	   2.4271	   0.0760
1696000000.0000	   2.4219	   0.0801
1704000000.0000	   2.4261	   0.0744
1712000000.0000	   2.4332	   0.0756
1720000000.0000	   2.4363	   0.0847
1728000000.0000	   2.4421	   0.0841
1736000000.0000	   2.4481	   0.0867
1744000000.0000	   2.4519	   0.0788
1752000000.0000	   2.4499	   0.0778
1760000000.0000	   2.4497	   0.0798
1768000000.0000	   2.4511	   0.0752
1776000000.0000	   2.4530	   0.0804
1784000000.0000	   2.4570	   0.0772
1792000000.0000	   2.4656	   0.0871
1800000000.0000	   2.4817	   0.0899
1808000000.0000	   2.4899	   0.0901
1816000000.0000	   2.4940	   0.0891
1824000000.0000	   2.5040	   0.0878
1832000000.0000	   2.5059	   0.0903
1840000000.0000	   2.5042	   0.0863
1848000000.0000	   2.4968	   0.0870
1856000000.0000	   2.5004	   0.0801
1864000000.0000	   2.4939	   0.0735
1872000000.0000	   2.4928	   0.0840
1880000000.0000	   2.4955	   0.0839
1888000000.0000	   2.5083	   0.0872
1896000000.0000	   2.5231	   0.0901
1904000000.0000	   2.5397	   0.0953
1912000000.0000	   2.5778	   0.0984
1920000000.0000	   2.6166	   0.0940
1928000000.0000	   2.6650	   0.0945
1936000000.0000	   2.7205	   0.0891
1944000000.0000	   2.7882	   0.0841
1952000000.0000	   2.8486	   0.0786
1960000000.0000	   2.9044	   0.0809
1968000000.0000	   2.9409	   0.0814
1976000000.0000	   2.9717	   0.0822
1984000000.0000	   2.9919	   0.0856
1992000000.0000	   3.0031	   0.0909
2000000000.0000	   3.0190	   0.0943
2008000000.0000	   3.0277	   0.0980
2016000000.0000	   3.0390	   0.0933
2024000000.0000	   3.0409	   0.0904
2032000000.0000	   3.0327	   0.0845
2040000000.0000	   3.0175	   0.0824
2048000000.0000	   2.9863	   0.0790
2056000000.0000	   2.9504	   0.0753
2064000000.0000	   2.9121	   0.0831
2072000000.0000	   2.8697	   0.0864
2080000000.0000	   2.8191	   0.0909
2088000000.0000	   2.7817	   0.0930
2096000000.0000	   2.7538	   0.0934
2104000000.0000	   2.7318	   0.0911
2112000000.0000	   2.7218	   0.0888
2120000000.0000	   2.7116	   0.0899
2128000000.0000	   2.7048	   0.0827
2136000000.0000	   2.6917	   0.0784
2144000000.0000	   2.6824	   0.0755
2152000000.0000	   2.6852	   0.0809
2160000000.0000	   2.6904	   0.0775
2168000000.0000	   2.6861	   0.0837
2176000000.0000	   2.6802	   0.0848
2184000000.0000	   2.6831	   0.0834
2192000000.0000	   2.6924	   0.0847
2200000000.0000	   2.6853	   0.0824
2208000000.0000	   2.6753	   0.0841
2216000000.0000	   2.6654	   0.0775
2224000000.0000	   2.6475	   0.0710
2232000000.0000	   2.6263	   0.0693
2240000000.0000	   2.6025	   0.0633
2248000000.0000	   2.5820	   0.0668
2256000000.0000	   2.5643	   0.0641
2264000000.0000	   2.5495	   0.0745
2272000000.0000	   2.5404	   0.0789
2280000000.0000	   2.5372	   0.0823
2288000000.0000	   2.5405	   0.0870
2296000000.0000	   2.5410	   0.0838
2304000000.0000	   2.5463	   0.0857
2312000000.0000	   2.5424	   0.0829
2320000000.0000	   2.5370	   0.0754
2328000000.0000	   2.5277	   0.0770
2336000000.0000	   2.5209	   0.0747
2344000000.0000	   2.5025	   0.0735
2352000000.0000	   2.4946	   0.0833
2360000000.0000	   2.4808	   0.0881
2368000000.0000	   2.4771	   0.0916
2376000000.0000	   2.4769	   0.0987
2384000000.0000	   2.4764	   0.1018
2392000000.0000	   2.4885	   0.1038
2400000000.0000	   2.4960	   0.0997
2408000000.0000	   2.5024	   0.0953
2416000000.0000	   2.5069	   0.0946
2424000000.0000	   2.5147	   0.0940
2432000000.0000	   2.5178	   0.0933
2440000000.0000	   2.5114	   0.0958
2448000000.0000	   2.5089	   0.1055
2456000000.0000	   2.5054	   0.1030
2464000000.0000	   2.5046	   0.1087
2472000000.0000	   2.5005	   0.1086
2480000000.0000	   2.4974	   0.1150
2488000000.0000	   2.5028	   0.1137
2496000000.0000	   2.5005	   0.1118
2504000000.0000	   2.4962	   0.1109
2512000000.0000	   2.4943	   0.1011
2520000000.0000	   2.4997	   0.1003
2528000000.0000	   2.4997	   0.1013
2536000000.0000	   2.4980	   0.1052
2544000000.0000	   2.4951	   0.1058
2552000000.0000	   2.4998	   0.1132
2560000000.0000	   2.5011	   0.1160
2568000000.0000	   2.5085	   0.1204
2576000000.0000	   2.5225	   0.1186
2584000000.0000	   2.5315	   0.1172
2592000000.0000	   2.5396	   0.1129
2600000000.0000	   2.5497	   0.1116
2608000000.0000	   2.5611	   0.1091
2616000000.0000	   2.5683	   0.1086
2624000000.0000	   2.5637	   0.1057
2632000000.0000	   2.5643	   0.1080
2640000000.0000	   2.5714	   0.1126
2648000000.0000	   2.5722	   0.1163
2656000000.0000	   2.5795	   0.1251
2664000000.0000	   2.5881	   0.1185
2672000000.0000	   2.5956	   0.1200
2680000000.0000	   2.5937	   0.1205
2688000000.0000	   2.5860	   0.1205
2696000000.0000	   2.5820	   0.1148
2704000000.0000	   2.5669	   0.1116
2712000000.0000	   2.5460	   0.1088
2720000000.0000	   2.5252	   0.1082
2728000000.0000	   2.5107	   0.1135
2736000000.0000	   2.4956	   0.1134
2744000000.0000	   2.4788	   0.1227
2752000000.0000	   2.4698	   0.1241
2760000000.0000	   2.4683	   0.1274
2768000000.0000	   2.4631	   0.1259
2776000000.0000	   2.4589	   0.1246
2784000000.0000	   2.4580	   0.1217
2792000000.0000	   2.4539	   0.1145
2800000000.0000	   2.4505	   0.1109
2808000000.0000	   2.4450	   0.1096
2816000000.0000	   2.4425	   0.1124
2824000000.0000	   2.4394	   0.1175
2832000000.0000	   2.4449	   0.1256
2840000000.0000	   2.4432	   0.1228
2848000000.0000	   2.4500	   0.1293
2856000000.0000	   2.4596	   0.1294
2864000000.0000	   2.4671	   0.1311
2872000000.0000	   2.4740	   0.1288
2880000000.0000	   2.4803	   0.1215
2888000000.0000	   2.4793	   0.1187
2896000000.0000	   2.4753	   0.1144
2904000000.0000	   2.4740	   0.1137
2912000000.0000	   2.4733	   0.1139
2920000000.0000	   2.4717	   0.1170
2928000000.0000	   2.4705	   0.1204
2936000000.0000	   2.4693	   0.1246
2944000000.0000	   2.4824	   0.1282
2952000000.0000	   2.4876	   0.1300
2960000000.0000	   2.4929	   0.1279
2968000000.0000	   2.5036	   0.1267
2976000000.0000	   2.5126	   0.1219
2984000000.0000	   2.5227	   0.1199
2992000000.0000	   2.5321	   0.1143
3000000000.0000	   2.5499	   0.1144
3008000000.0000	   2.5720	   0.1166
3016000000.0000	   2.5986	   0.1242
3024000000.0000	   2.6296	   0.1287
3032000000.0000	   2.6737	   0.1373
3040000000.0000	   2.7156	   0.1418
3048000000.0000	   2.7601	   0.1448
3056000000.0000	   2.8042	   0.1433
3064000000.0000	   2.8469	   0.1457
3072000000.0000	   2.8738	   0.1416
3080000000.0000	   2.8861	   0.1406
3088000000.0000	   2.8957	   0.1358
3096000000.0000	   2.9007	   0.1364
3104000000.0000	   2.8947	   0.1396
3112000000.0000	   2.8880	   0.1440
3120000000.0000	   2.8910	   0.1466
3128000000.0000	   2.9048	   0.1513
3136000000.0000	   2.9217	   0.1581
3144000000.0000	   2.9293	   0.1530
3152000000.0000	   2.9452	   0.1641
3160000000.0000	   2.9677	   0.1576
3168000000.0000	   2.9899	   0.1563
3176000000.0000	   3.0095	   0.1545
3184000000.0000	   3.0269	   0.1521
3192000000.0000	   3.0436	   0.1551
3200000000.0000	   3.0570	   0.1504
3208000000.0000	   3.0625	   0.1567
3216000000.0000	   3.0684	   0.1657
3224000000.0000	   3.0796	   0.1706
3232000000.0000	   3.0915	   0.1746
3240000000.0000	   3.0989	   0.1750
3248000000.0000	   3.1090	   0.1732
3256000000.0000	   3.1177	   0.1748
3264000000.0000	   3.1180	   0.1697
3272000000.0000	   3.1136	   0.1655
3280000000.0000	   3.1114	   0.1616
3288000000.0000	   3.0955	   0.1616
3296000000.0000	   3.0709	   0.1602
3304000000.0000	   3.0399	   0.1677
3312000000.0000	   3.0156	   0.1722
3320000000.0000	   2.9851	   0.1757
3328000000.0000	   2.9452	   0.1806
3336000000.0000	   2.9140	   0.1778
3344000000.0000	   2.8955	   0.1779
3352000000.0000	   2.8732	   0.1764
3360000000.0000	   2.8439	   0.1683
3368000000.0000	   2.8154	   0.1660
3376000000.0000	   2.7885	   0.1658
3384000000.0000	   2.7565	   0.1657
3392000000.0000	   2.7308	   0.1674
3400000000.0000	   2.7111	   0.1685
3408000000.0000	   2.6952	   0.1735
3416000000.0000	   2.6746	   0.1770
3424000000.0000	   2.6597	   0.1817
3432000000.0000	   2.6504	   0.1816
3440000000.0000	   2.6348	   0.1767
3448000000.0000	   2.6184	   0.1769
3456000000.0000	   2.6078	   0.1717
3464000000.0000	   2.5966	   0.1666
3472000000.0000	   2.5841	   0.1650
3480000000.0000	   2.5659	   0.1614
3488000000.0000	   2.5577	   0.1704
3496000000.0000	   2.5589	   0.1690
3504000000.0000	   2.5471	   0.1737
3512000000.0000	   2.5498	   0.1756
3520000000.0000	   2.5543	   0.1778
3528000000.0000	   2.5616	   0.1821
3536000000.0000	   2.5621	   0.1806
3544000000.0000	   2.5687	   0.1759
3552000000.0000	   2.5711	   0.1716
3560000000.0000	   2.5725	   0.1686
3568000000.0000	   2.5714	   0.1682
3576000000.0000	   2.5822	   0.1693
3584000000.0000	   2.5827	   0.1686
3592000000.0000	   2.5887	   0.1781
3600000000.0000	   2.5970	   0.1790
3608000000.0000	   2.6083	   0.1815
3616000000.0000	   2.6167	   0.1854
3624000000.0000	   2.6209	   0.1871
3632000000.0000	   2.6223	   0.1844
3640000000.0000	   2.6262	   0.1836
3648000000.0000	   2.6170	   0.1816
3656000000.0000	   2.6095	   0.1792
3664000000.0000	   2.5976	   0.1774
3672000000.0000	   2.5894	   0.1799
3680000000.0000	   2.5774	   0.1813
3688000000.0000	   2.5701	   0.1865
3696000000.0000	   2.5654	   0.1873
3704000000.0000	   2.5661	   0.1915
3712000000.0000	   2.5658	   0.1945
3720000000.0000	   2.5679	   0.1945
3728000000.0000	   2.5653	   0.1908
3736000000.0000	   2.5686	   0.1876
3744000000.0000	   2.5585	   0.1861
3752000000.0000	   2.5581	   0.1823
3760000000.0000	   2.5539	   0.1817
3768000000.0000	   2.5510	   0.1819
3776000000.0000	   2.5519	   0.1843
3784000000.0000	   2.5476	   0.1881
3792000000.0000	   2.5523	   0.1939
3800000000.0000	   2.5551	   0.1983
3808000000.0000	   2.5552	   0.1993
3816000000.0000	   2.5567	   0.1975
3824000000.0000	   2.5513	   0.1942
3832000000.0000	   2.5429	   0.1947
3840000000.0000	   2.5363	   0.1895
3848000000.0000	   2.5304	   0.1871
3856000000.0000	   2.5181	   0.1827
3864000000.0000	   2.5069	   0.1852
3872000000.0000	   2.5007	   0.1880
3880000000.0000	   2.4965	   0.1974
3888000000.0000	   2.4947	   0.1941
3896000000.0000	   2.4906	   0.2014
3904000000.0000	   2.4906	   0.2010
3912000000.0000	   2.4904	   0.1998
3920000000.0000	   2.4888	   0.1986
3928000000.0000	   2.4859	   0.1962
3936000000.0000	   2.4761	   0.1920
3944000000.0000	   2.4680	   0.1904
3952000000.0000	   2.4651	   0.1908
3960000000.0000	   2.4620	   0.1925
3968000000.0000	   2.4596	   0.1991
3976000000.0000	   2.4620	   0.2023
3984000000.0000	   2.4633	   0.2067
3992000000.0000	   2.4693	   0.2075
4000000000.0000	   2.4679	   0.2131
4008000000.0000	   2.4728	   0.2113
4016000000.0000	   2.4719	   0.2075
4024000000.0000	   2.4694	   0.2033
4032000000.0000	   2.4653	   0.2025
4040000000.0000	   2.4561	   0.1979
4048000000.0000	   2.4528	   0.1994
4056000000.0000	   2.4496	   0.2019
4064000000.0000	   2.4481	   0.2079
4072000000.0000	   2.4514	   0.2147
4080000000.0000	   2.4557	   0.2135
4088000000.0000	   2.4572	   0.2184
4096000000.0000	   2.4664	   0.2206
4104000000.0000	   2.4693	   0.2181
4112000000.0000	   2.4705	   0.2129
4120000000.0000	   2.4710	   0.2105
4128000000.0000	   2.4644	   0.2076
4136000000.0000	   2.4631	   0.2061
4144000000.0000	   2.4577	   0.2034
4152000000.0000	   2.4514	   0.2098
4160000000.0000	   2.4506	   0.2130
4168000000.0000	   2.4512	   0.2187
4176000000.0000	   2.4558	   0.2274
4184000000.0000	   2.4651	   0.2273
4192000000.0000	   2.4721	   0.2258
4200000000.0000	   2.4736	   0.2260
4208000000.0000	   2.4775	   0.2244
4216000000.0000	   2.4769	   0.2183
4224000000.0000	   2.4763	   0.2118
4232000000.0000	   2.4669	   0.2124
4240000000.0000	   2.4671	   0.2153
4248000000.0000	   2.4697	   0.2137
4256000000.0000	   2.4672	   0.2223
4264000000.0000	   2.4707	   0.2272
4272000000.0000	   2.4758	   0.2297
4280000000.0000	   2.4846	   0.2332
4288000000.0000	   2.4917	   0.2334
4296000000.0000	   2.4986	   0.2325
4304000000.0000	   2.5012	   0.2295
4312000000.0000	   2.5005	   0.2267
4320000000.0000	   2.4981	   0.2265
4328000000.0000	   2.4991	   0.2234
4336000000.0000	   2.4967	   0.2247
4344000000.0000	   2.4950	   0.2277
4352000000.0000	   2.4928	   0.2341
4360000000.0000	   2.4949	   0.2377
4368000000.0000	   2.5001	   0.2421
4376000000.0000	   2.5017	   0.2418
4384000000.0000	   2.5096	   0.2461
4392000000.0000	   2.5109	   0.2386
4400000000.0000	   2.5078	   0.2385
4408000000.0000	   2.5059	   0.2343
4416000000.0000	   2.4983	   0.2320
4424000000.0000	   2.4976	   0.2320
4432000000.0000	   2.4896	   0.2327
4440000000.0000	   2.4852	   0.2377
4448000000.0000	   2.4800	   0.2409
4456000000.0000	   2.4800	   0.2478
4464000000.0000	   2.4801	   0.2513
4472000000.0000	   2.4834	   0.2529
4480000000.0000	   2.4867	   0.2523
4488000000.0000	   2.4929	   0.2516
4496000000.0000	   2.4916	   0.2451
4504000000.0000	   2.4912	   0.2426
4512000000.0000	   2.4877	   0.2423
4520000000.0000	   2.4868	   0.2387
4528000000.0000	   2.4807	   0.2489
4536000000.0000	   2.4789	   0.2488
4544000000.0000	   2.4777	   0.2576
4552000000.0000	   2.4784	   0.2609
4560000000.0000	   2.4823	   0.2623
4568000000.0000	   2.4868	   0.2667
4576000000.0000	   2.4914	   0.2648
4584000000.0000	   2.4909	   0.2618
4592000000.0000	   2.4906	   0.2598
4600000000.0000	   2.4901	   0.2556
4608000000.0000	   2.4859	   0.2541
4616000000.0000	   2.4768	   0.2574
4624000000.0000	   2.4739	   0.2562
4632000000.0000	   2.4699	   0.2609
4640000000.0000	   2.4667	   0.2680
4648000000.0000	   2.4710	   0.2706
4656000000.0000	   2.4748	   0.2730
4664000000.0000	   2.4804	   0.2740
4672000000.0000	   2.4829	   0.2781
4680000000.0000	   2.4837	   0.2710
4688000000.0000	   2.4897	   0.2646
4696000000.0000	   2.4918	   0.2620
4704000000.0000	   2.4847	   0.2606
4712000000.0000	   2.4784	   0.2603
4720000000.0000	   2.4755	   0.2653
4728000000.0000	   2.4684	   0.2692
4736000000.0000	   2.4648	   0.2737
4744000000.0000	   2.4687	   0.2757
4752000000.0000	   2.4691	   0.2795
4760000000.0000	   2.4724	   0.2811
4768000000.0000	   2.4736	   0.2784
4776000000.0000	   2.4766	   0.2777
4784000000.0000	   2.4764	   0.2758
4792000000.0000	   2.4764	   0.2689
4800000000.0000	   2.4712	   0.2658
4808000000.0000	   2.4658	   0.2674
4816000000.0000	   2.4606	   0.2692
4824000000.0000	   2.4559	   0.2722
4832000000.0000	   2.4572	   0.2749
4840000000.0000	   2.4541	   0.2778
4848000000.0000	   2.4544	   0.2809
4856000000.0000	   2.4597	   0.2835
4864000000.0000	   2.4618	   0.2837
4872000000.0000	   2.4630	   0.2804
4880000000.0000	   2.4706	   0.2790
4888000000.0000	   2.4687	   0.2768
4896000000.0000	   2.4645	   0.2764
4904000000.0000	   2.4638	   0.2774
4912000000.0000	   2.4628	   0.2798
4920000000.0000	   2.4665	   0.2820
4928000000.0000	   2.4623	   0.2882
4936000000.0000	   2.4653	   0.2947
4944000000.0000	   2.4701	   0.2946
4952000000.0000	   2.4756	   0.2936
4960000000.0000	   2.4785	   0.2939
4968000000.0000	   2.4782	   0.2901
4976000000.0000	   2.4849	   0.2905
4984000000.0000	   2.4838	   0.2875
4992000000.0000	   2.4821	   0.2887
5000000000.0000	   2.4797	   0.2906
